91
143
-165
130
141
188
-147
-188
-75
12
119
169
-111
138
87
-164
-86
-144
123
83
-110
-33
116
-114
-187
-157
47
-191
-152
-151
72
-17
-195
-25
-159
-67
23
-147
-186
-163
102
-6
63
13
-98
-14
162
136
-122
145
-81
131
15
179
-199
174
-42
27
-82
145
96
-57
149
-31
113
95
-181
19
169
-112
102
-124
-21
69
-81
-96
-25
200
-20
35
-125
185
173
-43
-122
85
-8
68
-84
158
173
-46
99
-116
-104
-32
-97
-2
-102
104
16
56
-162
-6
184
128
42
109
162
124
7
-104
176
-30
40
67
59
0
82
-84
136
-169
4
90
-49
185
-61
67
-139
-142
92
11
128
-167
-25
-72
128
-98
102
-150
135
-196
-86
93
-68
-151
-168
-161
161
-114
-132
72
-51
63
4
52
-130
-98
-103
5
-129
103
60
-165
11
96
57
-19
-163
-44
67
118
-165
-104
182
124
-165
142
25
161
-128
-123
-33
-169
-140
-65
-6
41
98
192
33
-58
119
-127
169
-170
31
96
-98
6
-117
-22
97
162
-197
70
190
-175
67
58
-36
142
141
116
-61
75
-87
145
162
-94
88
-38
199
122
-106
4
-151
-26
-171
148
171
92
-192
-22
117
94
26
-87
22
-113
-47
-83
-122
-52
31
-120
109
0
179
-161
-104
200
197
34
82
-170
98
81
57
50
39
4
-167
157
-147
-17
-89
-9
77
-57
-40
62
117
-129
192
124
96
20
-109
-34
129
-29
-80
123
-128
199
-44
65
-158
21
-168
-180
100
142
153
32
-10
-173
103
-106
156
-87
82
-122
-64
-84
126
-182
-158
-115
-190
24
116
-68
129
-22
-49
-31
-75
-109
-45
134
159
103
176
-55
-55
53
-153
-151
39
-94
-171
13
-46
-144
-110
18
16
-90
96
-39
23
163
152
-98
-81
122
-157
-158
74
110
183
95
-74
-58
-32
-20
163
142
-60
83
178
-4
76
184
38
17
19
-73
121
-167
-136
196
141
-162
-15
97
-171
9
27
-147
-90
-183
97
11
-12
-108
35
-15
158
-199
197
-44
172
-105
-180
-82
-22
99
75
-97
-72
102
109
33
-49
21
83
103
73
151
-162
-169
-84
-130
93
-5
119
185
8
145
61
200
189
80
-148
-96
182
171
-195
-134
175
-75
-32
135
6
147
-157
124
-96
-69
-29
159
162
157
-4
48
99
-172
80
-192
102
78
48
-42
-141
149
-84
186
10
164
32
-71
-44
-178
119
185
118
-131
127
-153
-117
-45
-110
97
-178
-182
20
-86
-26
-64
-26
84
-63
-87
117
-160
-48
128
-95
170
-73
-109
-151
-152
-173
-119
24
159
53
-77
54
-84
-95
157
74
-63
76
171
73
182
15
53
-93
-62
-146
-123
-43
-61
139
-50
-100
52
70
-69
-175
-48
-76
-24
-7
148
-166
58
146
114
-116
-130
-20
-99
1
-12
5
175
-40
-9
150
82
-73
-29
125
165
48
114
-105
-5
-69
146
-100
50
-37
-23
18
-151
169
-29
-191
-176
45
29
115
116
-11
-175
-128
190
91
114
191
80
-116
154
111
34
-6
-29
92
-170
-102
93
-115
-156
-9
-121
81
94
7
-47
-137
-133
99
-97
-32
-34
134
70
90
-39
36
-101
-95
-66
-82
-177
116
156
-196
126
76
54
97
-69
60
-158
44
16
163
69
-185
8
-41
38
124
-48
45
-63
-73
-99
77
25
75
-186
10
152
7
-200
123
-182
151
125
107
133
131
-175
-131
-29
-102
177
-47
-152
137
-110
105
-57
-60
-37
6
-27
44
-54
-198
-23
143
81
-179
-73
129
7
-132
-116
-27
-144
104
99
121
-146
-79
-111
122
34
-138
-187
-139
37
-117
-58
193
95
97
-77
-160
-162
-163
40
133
-53
-81
-191
174
50
116
167
15
-161
-75
-145
-149
18
82
198
33
53
129
179
189
196
179
181
-74
27
-113
94
136
-130
-105
-75
-102
-146
105
87
-32
-98
25
129
44
21
157
175
5
-58
76
159
149
118
31
-180
-105
159
198
132
-134
197
-99
-104
113
-46
-117
196
160
106
-142
55
183
-115
-173
62
188
-132
199
197
-93
-112
183
-99
-59
-154
-6
-1
-97
197
189
-170
198
-50
158
-200
-99
-126
-150
127
-97
40
104
196
154
-51
-2
-17
-44
166
43
-168
170
-144
30
-60
89
-189
-197
187
-60
-15
-129
18
40
183
-2
185
75
50
33
73
-110
95
-137
50
195
-145
128
-187
174
105
168
-138
-177
-7
-101
-16
35
60
110
-10
112
41
149
-29
-171
84
28
-118
38
-16
-198
-72
-144
-21
-178
199
18
-143
-109
72
-192
83
-87
140
-32
-98
114
-148
34
-69
44
-22
163
51
140
-153
196
-21
148
38
118
28
-89
90
-185
143
-16
-70
44
-117
126
-138
97
195
-27
-114
-92
44
143
85
111
-24
125
-195
47
104
-108
-82
142
-121
88
54
158
32
43
119
-134
145
-169
-179
23
17
2
161
-25
25
175
97
197
48
196
-143
-88
-22
66
40
189
25
12
-90
120
121
44
41
-197
103
57
-92
92
-80
190
13
149
-121
-110
3
10
148
167
36
173
-84
119
194
-141
-131
-111
88
-147
3
184
41
13
111
-186
170
100
-134
137
140
165
-47
-19
182
-126
113
-58
-29
